{
  "advancedEditorSelectedIdentifier" : "ProjectBrowser",
  "openSceneRelativePaths" : [
    "Immersive.usda"
  ],
  "recentIdentifiers" : {
    "AF09ED6F-1707-48FD-8720-65B998362C09" : [

    ]
  },
  "sceneCameraHistory" : {
    "AF09ED6F-1707-48FD-8720-65B998362C09" : [
      {
        "date" : 725608396.663701,
        "title" : "Untitled",
        "transform" : [
          1,
          0,
          -0,
          0,
          -0,
          0.7071069,
          -0.7071067,
          0,
          0,
          0.7071067,
          0.7071069,
          0,
          -4.7683716e-07,
          0.6900501,
          -1.8099499,
          1
        ]
      },
      {
        "date" : 725608368.950913,
        "title" : "Untitled",
        "transform" : [
          1,
          0,
          -0,
          0,
          -0,
          0.7071069,
          -0.7071067,
          0,
          0,
          0.7071067,
          0.7071069,
          0,
          0,
          6.208586,
          8.396413,
          1
        ]
      },
      {
        "date" : 725608345.268964,
        "title" : "Untitled",
        "transform" : [
          0.9999567,
          -1.9453178e-10,
          0.009301893,
          0,
          0.0010248008,
          0.99391264,
          -0.11016642,
          0,
          -0.009245269,
          0.11017119,
          0.9938696,
          0,
          -0.0024645939,
          0.526483,
          -1.7131001,
          1
        ]
      },
      {
        "date" : 725608340.391465,
        "title" : "Untitled",
        "transform" : [
          0.9999567,
          -6.712442e-11,
          0.009301893,
          0,
          0.0010248008,
          0.9939126,
          -0.11016644,
          0,
          -0.009245269,
          0.11017121,
          0.99386954,
          0,
          -0.0024645955,
          0.52648306,
          -1.7131001,
          1
        ]
      },
      {
        "date" : 725608338.69217,
        "title" : "Untitled",
        "transform" : [
          0.9999567,
          -5.6132377e-11,
          0.009301893,
          0,
          0.001024801,
          0.9939126,
          -0.11016645,
          0,
          -0.009245269,
          0.11017122,
          0.99386954,
          0,
          -0.002464641,
          0.52648306,
          -1.7131002,
          1
        ]
      },
      {
        "date" : 725605053.149015,
        "title" : "Untitled",
        "transform" : [
          0.99995667,
          4.6980808e-11,
          0.009301893,
          0,
          0.001024801,
          0.99391264,
          -0.11016647,
          0,
          -0.009245269,
          0.11017122,
          0.99386954,
          0,
          -0.041888468,
          0.16942258,
          0.6088514,
          1
        ]
      },
      {
        "date" : 725605042.420873,
        "title" : "Untitled",
        "transform" : [
          0.99995667,
          4.6980808e-11,
          0.009301893,
          0,
          0.001024801,
          0.99391264,
          -0.11016647,
          0,
          -0.009245269,
          0.11017122,
          0.99386954,
          0,
          -0.14787062,
          0.50444424,
          2.447233,
          1
        ]
      },
      {
        "date" : 725605040.55767,
        "title" : "Untitled",
        "transform" : [
          0.99995667,
          4.6980808e-11,
          0.009301893,
          0,
          0.001024801,
          0.99391264,
          -0.11016647,
          0,
          -0.009245269,
          0.11017122,
          0.99386954,
          0,
          -0.14787062,
          0.50444424,
          2.447233,
          1
        ]
      },
      {
        "date" : 725605037.112368,
        "title" : "Untitled",
        "transform" : [
          0.99995667,
          4.6980808e-11,
          0.009301893,
          0,
          0.001024801,
          0.99391264,
          -0.11016647,
          0,
          -0.009245269,
          0.11017122,
          0.99386954,
          0,
          -0.1704092,
          0.52850723,
          2.4606526,
          1
        ]
      },
      {
        "date" : 725605036.012505,
        "title" : "Untitled",
        "transform" : [
          0.99995667,
          4.6980808e-11,
          0.009301893,
          0,
          0.001024801,
          0.99391264,
          -0.11016647,
          0,
          -0.009245269,
          0.11017122,
          0.99386954,
          0,
          -0.1704092,
          0.52850723,
          2.4606526,
          1
        ]
      }
    ]
  }
}